08242501475
08242809191
08242912835
08250606999
08251305958
08252202698
08260302636
08260401830
08261009495
08261204258
08261403695
08261601819
08261804557
08261804595
08262307035
08262311957
08270104291
08270412255
08272207404
08272207572
08272312577
08272703658
08272807246
08272903041
08272911356
08280203076
08280707488
08281204694
08281403420
08281807682
08281903982
08282001818
08282003575
08282108997
08282712460
08291104230
08291402192
08291402215
08291801342
08292314397
08292412637
08292507414
08292507452
08292514056
08292600995
08292701702
08292800524
08300104334
08300502415
08300705627
08301300067
08301402608
08301702005
08302500640
08302709032
08303111102
08310202460
08310400776
08310501576
08310501583
08310501637
08310711054
08311008492
08311107443
08311206692
08311506181
08311606225
08311907241
08312007919
08312405724
08312405830
08312605179
08312801124
08320100899
08320301627
08320411573
08321100430
08321103754
08321109460
08321202705
08321501774
08321501798
08321508733
08321606950
08321706346
08321803937
08321903095
08322001464
08322201772
08322303078
08322802348
08322806465
08323009317
08323101408
09210102757
09210111032
09210200851
09210205672
09210205924
09210301460
09210406097
09210409205
09210501167
09210503817
09210503831
09210507040
09210507477
09210607412
09210607436
09210705127
09210706548
09210706999
09210804949
09210904274
09210908216
09211003583
09211005936
09211005974
09211010019
09211104925
09211212916
09211302729
09211305227
09211402009
09211404100
09211411278
09211412248
09211502310
09211503908
09211601354
09211601385
09211601408
09211700664
09211700701
09211700855
09211702024
09211801440
09211801464
09211803947
09211902011
09211906282
09211906305
09211908451
09211909674
09212001092
09212200408
09212300184
09212509149
09212610942
09212700984
09212704926
09212704964
09213007141
09220204047
09220305687
09220307788
09220404607
09220404645
09220504024
09220504048
09220704127
09221103062
09221200547
09221202204
09221205443
09221205481
09221205504
09221205528
09221301682
09221302980
09221304623
09221309963
09221402888
09221601003
09221608888
09221702025
09221804109
09291901773
09292008233
09292105855
09292105879
09292213174
09292314615
09292509833
09292604859
09292604873
09292704191
09292707019
09292809391
09292810890
09292909312
09293002410
09300109015
09300205292
09300608057
09300710196
09300804514
09301004012
09301206759
09301206797
09301303371
09301402414
09301405172
09301500334
09301601097
09302001353
09302011011
09302100793
09302201333
09302304838
09302308382
09302400657
09302502274
09302602400
09302609421
09302702421
09302711423
09302801182
09302806088
09302806613
09302809661
09302909729
09302909767
09303003200
09303005042
09303005066
09303005080
09303005141
09303009855
09310202696
09310208166
09310208432
09310302570
09310302617
09310310236
09310403981
09310407886
09310408399
09310500954
09310503841
09310600579
09310705410
09310804898
09310901731
09310906101
09310906125
09311000965
09311005144
09311005632
09311009704
09311103163
09311103484
09311204208
09311204284
09311303426
09311303679
09311303693
09311308469
09311310792
09311505163
09311601388
09311601425
09311701118
09311706359
09311711463
09311806622
09311907224
09311908720
09312003684
09312003707
09312008337
09312103018
09312104743
09312106127
09312201877
09312304525
09312307276
09312408236
09312503412
09312505797
09312505810
09312605138
09312605176
09312704714
09312808395
09312902686
09313002170
09313003584
09313003607
09313008381
09313010294
09320105440
09320200961
09320300586
09320311214
09320401737
09320408093
09320505837
09320509077
09320605025
09320805814
09320905187
09321008971
09321103584
09321103607
09321202085
09321202160
09321202375
09321202436
09321208296
09321301401
09321305122
09321401422
09321407220
09321501160
09321501177
09321607125
09321611788
09321706992
09321805936
09321903900
09321903917
09321905469
09322003265
09322103743
09322103842
09322106333
09322106357
09322109039
09322202879
09322302180
09322306528
09322402767
09322501336
09322505941
09322602686
09322702454
09322705310
09322705358
09322802260
09322805690
09322905758
09322907675
09322909004
09323004647
09323004692
09323004715
09323004753
09323004777
09323004791
09323103810
09323105621
50021011352
50101111305
50102636355
51011153311
51102573842
52101156863
52110446139
53082806059
53122299122
54020837137
55022153432
55110906690
55123128973
56111161549
57073163051
57102202414
58122188027
59031152059
59042989686
59083036077
59110570565
60102890107
61032479116
61100157652
61121020469
62033089803
62092569090
63092608644
63102092944
63122755182
64022301455
64040919575
64063159211
65062892381
65092056892
65102086116
66063014631
66100294134
66100651663
66111176164
66113183995
67103111042
67112966668
67113048790
67120749923
68112117597
69030626134
69122174118
70032057433
70053179170
70101195486
70120794633
71093058856
71110410883
71112677514
71123061643
72031096705
73010399576
73070871368
73103000844
73112328551
74040249598
74120284541
74121108598
74123184206
75032006098
75113162747
75121005045
75123199317
76043054555
76043169949
76121186303
76122752028
77111084850
78011115028
78102945963
78103188695
78123189018
79012564484
79070627831
79101146737
79110673709
81081010863
81101148770
82072219267
83041947282
84050694367
84051294894
84051840149
84112185145
85031079443
85052135674
85052568643
85052605175
85111779283
86061995325
86070511185
86070630583
86072032543
86080941169
86081443325
87070895372
87071164662
87072724289
88080204509
88080416256
88080601948
88103032931
88111094545
88120262427
89010293604
89010737704
89011129700
89011581319
89012630357
89020265394
89021468413
89021697637
89022379914
89032143350
89040185241
89040205480
89040633348
89040876453
89041133472
89042620494
89042750933
89052085069
89052295172
89062644823
89081519801
89082179879
89082608599
89091482250
89100192752
89102588171
89112466825
89120952161
90053120136
90112004373
91023191330
92080709353
